alpha: 0.335099
beta: 2.479907
gamma: -4.758488
