alpha: 0.074468
beta: -15.478864
gamma: 4.844173
