alpha: 0.359851
beta: 3.567444
gamma: -3.489353
