alpha: 0.120791
beta: 2.271976
gamma: -3.149240
