alpha: -0.235524
beta: 0.433461
gamma: -2.928333
