alpha: -0.054449
beta: 1.971917
gamma: -2.975487
