alpha: 0.342897
beta: 1.062019
gamma: -2.315742
