alpha: -0.002115
beta: 0.640982
gamma: -2.707751
